004601.jpg 2 50 135 133 225 6 182 92 246 140 4
004602.jpg 2 198 147 262 182 4 42 130 130 218 6
004603.jpg 2 58 160 114 221 4 164 93 263 151 9
004604.jpg 2 189 124 285 200 9 52 139 112 203 4
004608.jpg 2 178 136 279 178 6 63 66 114 164 9
004609.jpg 4 26 161 126 191 9 140 22 219 115 6 136 128 206 197 3 198 153 250 208 12
004611.jpg 2 29 115 110 211 6 164 119 227 152 4
004613.jpg 2 43 100 101 196 9 177 136 241 185 4
004617.jpg 2 68 122 127 223 6 195 77 263 175 9
004619.jpg 1 137 97 211 170 4
004622.jpg 2 42 144 144 192 6 162 76 217 143 4
004624.jpg 4 85 73 119 173 6 190 150 254 249 6 152 10 221 85 3 152 120 205 173 12
004626.jpg 4 18 118 102 212 6 183 79 283 140 9 114 107 184 177 3 164 158 215 210 12
004627.jpg 2 147 81 215 129 4 158 158 236 252 9
004628.jpg 4 176 119 229 172 12 77 138 179 186 6 214 166 285 262 9 6 110 78 180 3
004629.jpg 2 27 125 130 184 6 162 112 254 193 6
004630.jpg 4 185 83 234 183 9 10 118 98 205 6 105 105 174 173 6 118 171 172 224 12
004631.jpg 2 62 138 126 169 4 211 108 248 206 9
004632.jpg 2 68 160 127 228 4 142 76 240 113 9
004633.jpg 4 30 62 72 163 6 172 101 271 147 9 71 168 142 239 3 140 172 189 223 12
004634.jpg 2 75 176 153 274 9 120 91 234 205 1
004635.jpg 2 33 116 103 214 9 165 135 221 201 4
004638.jpg 2 41 150 113 201 4 170 119 270 156 6
004641.jpg 1 139 117 206 164 4
004642.jpg 4 53 102 118 138 4 164 86 229 135 4 73 180 146 251 3 143 177 195 231 12
004643.jpg 4 86 73 119 171 6 176 138 271 220 9 153 29 223 100 3 168 96 219 148 12
004645.jpg 4 56 179 157 225 6 168 95 246 186 6 87 74 157 144 3 36 91 91 145 12
004647.jpg 2 66 93 136 150 4 168 150 265 215 9
004648.jpg 4 42 81 136 164 6 147 175 245 243 9 151 26 223 95 3 131 124 180 177 12
004649.jpg 4 200 96 268 194 9 43 60 140 139 6 97 164 168 234 3 134 97 186 150 12
004650.jpg 2 11 89 113 141 6 135 92 216 184 6
004653.jpg 2 200 167 274 234 4 18 70 120 113 6
004657.jpg 2 42 132 105 164 4 167 162 268 206 6
004659.jpg 4 85 65 147 164 6 192 133 293 177 6 149 59 219 129 3 93 180 146 235 12
004661.jpg 2 60 165 133 237 6 183 95 282 136 9
004663.jpg 2 185 190 251 222 4 47 94 144 151 6
004664.jpg 4 21 180 121 239 9 167 143 238 241 6 86 94 156 164 3 164 79 217 137 12
004665.jpg 2 158 96 245 182 6 55 89 103 189 9
004666.jpg 2 178 80 277 150 6 24 125 116 204 9
004667.jpg 4 65 88 165 153 6 208 99 265 201 6 70 165 141 236 3 139 189 188 242 12
004670.jpg 2 193 138 238 205 4 30 87 124 159 9
004671.jpg 4 18 120 102 212 6 187 82 285 133 9 113 107 184 177 3 164 157 215 208 12
004674.jpg 2 64 106 108 171 4 173 177 265 262 9
004675.jpg 2 28 143 130 181 6 167 94 226 155 4
004679.jpg 4 64 108 130 154 4 184 135 238 237 6 95 197 164 269 3 170 52 222 107 12
004680.jpg 2 87 166 142 232 4 151 66 249 101 9
004681.jpg 4 91 140 141 191 12 157 61 228 135 3 191 144 272 239 6 43 56 102 157 6
004683.jpg 4 64 77 110 175 6 179 147 271 226 6 53 180 124 251 3 128 184 179 236 12
004687.jpg 2 18 92 118 168 6 189 174 258 234 4
004688.jpg 2 11 108 111 163 9 172 95 258 186 6
004689.jpg 2 191 121 246 222 6 52 94 122 189 9
004690.jpg 4 175 49 228 149 6 129 149 174 246 9 27 125 99 195 3 99 88 150 143 12
004692.jpg 4 33 125 111 220 6 176 133 214 229 9 130 45 199 114 3 79 77 132 132 12
004693.jpg 2 49 68 101 135 4 176 128 226 227 6
004694.jpg 1 136 97 209 170 4
004695.jpg 2 34 90 120 181 9 177 136 246 196 4
004696.jpg 2 41 155 109 196 4 172 178 273 215 6
004697.jpg 2 25 106 129 156 9 179 103 276 171 6
004699.jpg 2 43 103 102 155 4 174 120 265 202 6
004700.jpg 2 39 145 135 217 9 178 121 219 188 4
